-4.407121739797594667e-02
-4.400273440985820461e-02
-4.347679759812479033e-02
-4.243875374076842150e-02
-4.088968181672216623e-02
-3.888536957712684927e-02
-3.652478825427094705e-02
-3.393148685005068638e-02
-3.123310952351821337e-02
-2.854444231487913292e-02
-2.595799913303836401e-02
-2.354365242113687015e-02
-2.135601654067135341e-02
-1.944605836905993757e-02
-1.787236571233546609e-02
-1.670787318323880763e-02
-1.603941800538275647e-02
-1.595973384228846492e-02
-1.655370082428442649e-02
-1.788222615881852537e-02
-1.996763871750312225e-02
-2.278388427061391053e-02
-2.625338259253763573e-02
-3.025066606356432986e-02
-3.461143481894959212e-02
-3.914487228631017418e-02
-4.364711474594879653e-02
-4.791447232185483407e-02
-5.175592021712240726e-02
-5.500502200844428757e-02
-5.753147478584619973e-02
-5.925185640494079475e-02
-6.013821911357063871e-02
-6.022242587833326333e-02
-5.959405762522688305e-02
-5.839057470003757716e-02
-5.678006264990281132e-02
-5.493885279104281788e-02
-5.302792943847178808e-02
-5.117273665670481197e-02
-4.945048686639069713e-02
-4.788745843105327027e-02
-4.646651159679971582e-02
-4.514279899415801073e-02
-4.386400343283253928e-02
-4.259077052563614574e-02
-4.131335759558183579e-02
-4.006164272465507353e-02
-3.890712140329739138e-02
-3.795696578541561672e-02
-3.734137229894313875e-02
-3.719619404131999790e-02
-3.764329414255421224e-02
-3.877125481214101221e-02
-4.061908125859771401e-02
-4.316532280196799104e-02
-4.632452291369513336e-02
-4.995205541331989435e-02
-5.385724234192072746e-02
-5.782333099660897507e-02
-6.163167504732817992e-02
-6.508658814692554195e-02
-6.803704240363277200e-02
-7.039178475078773645e-02
-7.212551567551850340e-02
-7.327534593250575878e-02
-7.392852661940890746e-02
-7.420407412459735508e-02
-7.423202078638294066e-02
-7.413433460470469916e-02
-7.401095263411311409e-02
-7.393296994277770429e-02
-7.394315085720595815e-02
-7.406207163137502880e-02
-7.429688339806060637e-02
-7.464929163301908810e-02
-7.512000625867708281e-02
-7.570841680596498979e-02
-7.640809632122264050e-02
-7.720030989265934396e-02
-7.804845475593505388e-02
-7.889602753213319219e-02
-7.966942817058161874e-02
-8.028514977528540542e-02
-8.065932585304039226e-02
-8.071679651849288095e-02
-8.039710122808324533e-02
-7.965599260557844341e-02
-7.846272913410573535e-02
-7.679491900382687253e-02
-7.463351084990124673e-02
-7.196039488848410270e-02
-6.876007776775741598e-02
-6.502540467004311320e-02
-6.076583584111180936e-02
-5.601581058005106195e-02
-5.084053709343711730e-02
-4.533717379487296750e-02
-3.963062235648507486e-02
-3.386466508173687634e-02
-2.819049742044919121e-02
-2.275541303482695246e-02
-1.769423272206077299e-02
-1.312502779993804554e-02
-9.149071409146020822e-03
-5.853297724747177563e-03
-3.312478050996320658e-03
-1.588305212877512201e-03
-7.237316247193232828e-04
-7.329054601392553155e-04
-1.589201178376356809e-03
-3.215324458605510211e-03
-5.479651300321472865e-03
-8.201651102553860276e-03
-1.116681315370764323e-02
-1.414875739641510526e-02
-1.693412319519002965e-02
-1.934513274485468934e-02
-2.125564368755284914e-02
-2.259865723835615542e-02
-2.336579845457147434e-02
-2.360128277468329094e-02
-2.339364174701926563e-02
-2.286784430841107621e-02
-2.217882637261196430e-02
-2.150560544796714310e-02
-2.104391333391266231e-02
-2.099514165539891758e-02
-2.155040797853499321e-02
-2.287031974083068853e-02
-2.506289401947857723e-02
-2.816344155177115047e-02
-3.212061600620842727e-02
-3.679215258976915176e-02
-4.195226167500729075e-02
-4.731059373171941917e-02
-5.254061744086147012e-02
-5.731358006706072789e-02
-6.133325484162840263e-02
-6.436657121410849225e-02
-6.626595333139183308e-02
-6.698060192701400795e-02
-6.655578425657261710e-02
-6.512112558592381140e-02
-6.287058679895927982e-02
-6.003795628783203248e-02
-5.687205138558443229e-02
-5.361532777631718150e-02
-5.048834095372798508e-02
-4.768080417764117979e-02
-4.534830340585521702e-02
-4.361254075520062251e-02
-4.256261611908791764e-02
-4.225537342303391231e-02
-4.271397443669244093e-02
-4.392514812754350767e-02
-4.583650835952911284e-02
-4.835563137375716025e-02
-5.135222558647559860e-02
-5.466396266880053922e-02
-5.810573622127114535e-02
-6.148156205496884547e-02
-6.459811923772228182e-02
-6.727893608976297235e-02
-6.937823980967880444e-02
-7.079336380112112581e-02
-7.147436376665604330e-02
-7.142932382285967219e-02
-7.072399694937474279e-02
-6.947509646879367062e-02
-6.783770764038433987e-02
-6.598865208189738651e-02
-6.410877796629275982e-02
-6.236761959428580721e-02
-6.091339142906274096e-02
-5.986987627982799653e-02
-5.933979618553569119e-02
-5.941232991570068178e-02
-6.017122905259134069e-02
-6.169995916160225802e-02
-6.408153075401855359e-02
-6.739279505291057015e-02
-7.169521053717531345e-02
-7.702559310661274972e-02
-8.339053633115582620e-02
-9.076691288097996080e-02
-9.910859409604076686e-02
-1.083571135201795155e-01
-1.184523978685694118e-01
-1.293395537448059907e-01
-1.409691371851772013e-01
-1.532908512600088813e-01
-1.662433037268196412e-01
-1.797443289028345381e-01
-1.936867449465902724e-01
-2.079431264617699615e-01
-2.223806432816076706e-01
-2.368840691596904580e-01
-2.513826119960181904e-01
-2.658749537128045626e-01
-2.804470829161339052e-01
-2.952789713054911336e-01
-3.106383735948055613e-01
-3.268624017992485808e-01
-3.443295235389564612e-01
-3.634259724210603948e-01
-3.845111782587970484e-01
-4.078868082759023461e-01
-4.337734645771695874e-01
-4.622980651771281813e-01
-4.934934575639930432e-01
-5.273099147572780643e-01
-5.636360019725910053e-01
-6.023241968575800964e-01
-6.432150326446136601e-01
-6.861528294256196148e-01
-7.309865202758207836e-01
-7.775506035758618095e-01
-8.256234997265836650e-01
-8.748630388237993438e-01
-9.247210055651428062e-01
-9.743404611615030797e-01
-1.022441186573614269e+00
-1.067200589272211175e+00
-1.106140357996691748e+00
-1.136033260827531643e+00
-1.152849302850862623e+00
-1.151764698435923995e+00
-1.127258780420524076e+00
-1.073320834847155458e+00
-9.837791622498767152e-01
-8.527479656926136853e-01
-6.751654564144589088e-01
-4.473725486910699600e-01
-1.676611289781395620e-01
1.632898762644224844e-01
5.421687210084685793e-01
9.630333913542835633e-01
1.417586275062466150e+00
1.895702435958781296e+00
2.386151488231167406e+00
2.877421575026967826e+00
3.358539421026908833e+00
3.819785620716402263e+00
4.253227184690826057e+00
4.653023833010294652e+00
5.015502460212654334e+00
5.339027702231654793e+00
5.623719879915583419e+00
5.871082236322279435e+00
6.083597957929422151e+00
6.264346944931287631e+00
6.416676754307008679e+00
6.543945579887365582e+00
6.649340620961502246e+00
6.735764472702245875e+00
6.805775728018737425e+00
6.861567366862715289e+00
6.904966811277049032e+00
6.937443760077353971e+00
6.960115276757870006e+00
6.973741509592296772e+00
6.978709453386215067e+00
6.975005947887694013e+00
6.962184275368773712e+00
6.939330930528209151e+00
6.905040187221367809e+00
6.857404012102424673e+00
6.794023973758524626e+00
6.712050557116542748e+00
6.608254233027206936e+00
6.479132086875152297e+00
6.321053743495467003e+00
6.130450231152321905e+00
5.904048362265802652e+00
5.639150015633402901e+00
5.333949415362346791e+00
4.987871852879132817e+00
4.601905211855259026e+00
4.178883464101903478e+00
3.723672524384299187e+00
3.243207418644778350e+00
2.746338789963902016e+00
2.243467418893295040e+00
1.745975734288689685e+00
1.265500153401783789e+00
8.131201755907576656e-01
3.985616584953637354e-01
2.951656463255437901e-02
-2.888327342005334031e-01
-5.540275862846749666e-01
-7.662701894484827969e-01
-9.281114292359501361e-01
-1.043952769160124250e+00
-1.119446818059876447e+00
-1.160885128348287720e+00
-1.174649616839816613e+00
-1.166780469576441881e+00
-1.142685037195550368e+00
-1.106985529354066022e+00
-1.063483151304426499e+00
-1.015205134781242968e+00
-9.644988770124346411e-01
-9.131422221803229267e-01
-8.624479296283130703e-01
-8.133506093411478899e-01
-7.664734613523667139e-01
-7.221785215791892698e-01
-6.806072366691182651e-01
-6.417183254069650511e-01
-6.053278613927859375e-01
-5.711534301235470235e-01
-5.388611526297684140e-01
-5.081121452897542357e-01
-4.786040125656312316e-01
-4.501032347018360524e-01
-4.224654907194290154e-01
-3.956425925343164396e-01
-3.696763889655103608e-01
-3.446814641941900459e-01
-3.208195826956138919e-01
-2.982695763746174844e-01
-2.771966935359405637e-01
-2.577252932578973366e-01
-2.399181690698512226e-01
-2.237648035206396546e-01
-2.091796567691031894e-01
-1.960103678352408951e-01
-1.840546259830647957e-01
-1.730834821612236285e-01
-1.628679969370232516e-01
-1.532054035063756536e-01
-1.439405927565578780e-01
-1.349790179228906317e-01
-1.262883504659523815e-01
-1.178884176252028571e-01
-1.098317202574346230e-01
-1.021793884227333582e-01
-9.497887215663394778e-02
-8.824932378189652427e-02
-8.197842101696853345e-02
-7.613091212036612876e-02
-7.066555212084890680e-02
-6.555456286980299030e-02
-6.079914403570681886e-02
-5.643604760701494139e-02
-5.253321923905399787e-02
-4.917591742246180814e-02
-4.644738621968179382e-02
-4.440928601158972838e-02
-4.308651950253754997e-02
-4.245929674400265169e-02
-4.246310414530569260e-02
-4.299550213069887328e-02
-4.392783737336056205e-02
-4.511997301087150580e-02
-4.643656536110838534e-02
-4.776369167973700675e-02
-4.902442520462666625e-02
-5.019134067336400440e-02
-5.129336694000492802e-02
-5.241445122798183559e-02
-5.368251701349253946e-02
-5.524909978367803509e-02
-5.726230461824689116e-02
-5.983759878234639479e-02
-6.303179152791175965e-02
-6.682509703233362186e-02
-7.111461228595282458e-02
-7.572037935801134712e-02
-8.040302402152645078e-02
-8.489020073520711640e-02
-8.890791070359940762e-02
-9.221218909623445092e-02
-9.461662481073349062e-02
-9.601169033571704814e-02
-9.637299446708305628e-02
-9.575735373751904922e-02
-9.428783911820345920e-02
-9.213124897044455697e-02
-8.947314533787517621e-02
-8.649605088744627412e-02
-8.336532258353024361e-02
-8.022477885352669036e-02
-7.720104822500323261e-02
-7.441281415954031919e-02
-7.197958600041053090e-02
-7.002486537793521648e-02
-6.867054047903356495e-02
-6.802239435423766689e-02
-6.814978134808505339e-02
-6.906482180412215621e-02
-7.070720445403812227e-02
-7.293966901337978204e-02
-7.555677380502424934e-02
-7.830632179485844113e-02
-8.091968734897042603e-02
-8.314507330321244116e-02
-8.477701036501138210e-02
-8.567638580211474342e-02
-8.577771418377061474e-02
-8.508359869369871986e-02
-8.364948673032014670e-02
-8.156400032046319526e-02
-7.893069112118641928e-02
-7.585588926963331147e-02
-7.244479984955110030e-02
-6.880499801637073032e-02
-6.505397651827740657e-02
-6.132619600905441642e-02
-5.777548974250076852e-02
-5.457042351284517590e-02
-5.188261386730134289e-02
-4.987021449215742891e-02
-4.866011015707852327e-02
-4.833251540243678479e-02
-4.891080100984656481e-02
-5.035791456634006874e-02
-5.257926320184690833e-02
-5.543081330169902926e-02
-5.873063107595050125e-02
-6.227210789116852802e-02
-6.583750622296104249e-02
-6.921100161323220923e-02
-7.219088812269459920e-02
-7.460092597825650207e-02
-7.630087305185785651e-02
-7.719605511912641660e-02
-7.724546225220300932e-02
-7.646744618079026612e-02
-7.494181190747252475e-02
-7.280710597356018776e-02
-7.025228140643720309e-02
-6.750262062500408944e-02
-6.480066514709563463e-02
-6.238372647996803105e-02
-6.046015854917710652e-02
-5.918687105871786591e-02
-5.865056497033109550e-02
-5.885493842823451976e-02
-5.971569555864772449e-02
-6.106459118242270334e-02
-6.266291915549983271e-02
-6.422377565150994005e-02
-6.544116927415766227e-02
-6.602281386018120368e-02
-6.572254790812417924e-02
-6.436810992346345128e-02
-6.188065954524715750e-02
-5.828390382961767119e-02
-5.370259792936528387e-02
-4.835196511286170978e-02
-4.252065692566946858e-02
-3.654994424289790406e-02
-3.081101450775834694e-02
-2.568107985130850882e-02
-2.151819301987002719e-02
-1.863478503863463809e-02
-1.727108028150580940e-02
-1.757124163182096493e-02
-1.956647910534138959e-02
-2.316953147900307694e-02
-2.818343012609278095e-02
-3.432449560911857850e-02
-4.125598458732745305e-02
-4.862592123744656492e-02
-5.610148849030551638e-02
-6.339340674920435070e-02
-7.026669104327308568e-02
-7.653808417676313813e-02
-8.206405487950328703e-02
-8.672544134181896236e-02
-9.041506064045937152e-02
-9.303300230337756271e-02
-9.449152474167846205e-02
-9.472837300424702400e-02
-9.372477572026759185e-02
-9.152292879219016408e-02
-8.823765981700627814e-02
-8.405810972174991569e-02
-7.923736288482595425e-02
-7.407055512371675532e-02
-6.886455711092288878e-02
-6.390431829096117344e-02
-5.942189266588993046e-02
-5.557378536401993280e-02
-5.243059737555860744e-02
-4.998037960045396966e-02
-4.814426241646993510e-02
-4.680050425447178364e-02
-4.581167152757033983e-02
-4.504950331436327615e-02
-4.441306539255882035e-02
-4.383770971474139355e-02
-4.329461521854864603e-02
-4.278276149412400114e-02
-4.231664073220942068e-02
-4.191357587751039920e-02
-4.158411666486341862e-02
-4.132776882294323523e-02
-4.113459308715388535e-02
-4.099142536797668185e-02
-4.089007584162867442e-02
-4.083423260232590252e-02
-4.084210798030846190e-02
-4.094306491667833864e-02
-4.116825421560403597e-02
-4.153721759811430936e-02
-4.204393825499630477e-02
-4.264648489273606402e-02
-4.326392132169531307e-02
-4.378255491569497948e-02
