-5.264075753963808058e-02
-5.673686763222939022e-02
-6.085525704981296219e-02
-6.507148447074855013e-02
-6.943888104865797439e-02
-7.395100551100707020e-02
-7.852404065491572216e-02
-8.300456336129675983e-02
-8.719966441910984023e-02
-9.091932354812015671e-02
-9.401762483157463657e-02
-9.642064408006084664e-02
-9.813374537942598508e-02
-9.922754665939594043e-02
-9.980775400207227144e-02
-9.997789863732083060e-02
-9.980521087476339204e-02
-9.929868998714846962e-02
-9.840547752320480401e-02
-9.702751868674022728e-02
-9.505576701141126017e-02
-9.241454709132383705e-02
-8.910511649516072996e-02
-8.523612499375017582e-02
-8.103049780089108256e-02
-7.680343114298880669e-02
-7.291368512422080617e-02
-6.969812962217802887e-02
-6.740506305883126048e-02
-6.614322244042146470e-02
-6.585999174070920892e-02
-6.635502479334444426e-02
-6.732646684931793690e-02
-6.843876121737882401e-02
-6.939585970400818926e-02
-7.000275184337234613e-02
-7.020161705236623029e-02
-7.007548917426267843e-02
-6.982023381831219122e-02
-6.969278232696757280e-02
-6.994823628133593763e-02
-7.077979505078005329e-02
-7.227359197775559685e-02
-7.438635465676600445e-02
-7.694860594701259660e-02
-7.969113994086095276e-02
-8.228867302054697352e-02
-8.441234886095581869e-02
-8.578213488537604625e-02
-8.621068953393092038e-02
-8.563155693029741999e-02
-8.410641730913681613e-02
-8.180887587807664230e-02
-7.898629669535682518e-02
-7.590630802565882795e-02
-7.279959225724920435e-02
-6.981335168554493598e-02
-6.698850715462942307e-02
-6.426778049507411716e-02
-6.153295920271299041e-02
-5.866098730855252852e-02
-5.558320819006847685e-02
-5.233170000231050084e-02
-4.906067797372286321e-02
-4.603743396104091612e-02
-4.360414214088600970e-02
-4.211777708364639050e-02
-4.187987765764449727e-02
-4.307062600799017177e-02
-4.570202011821844490e-02
-4.960197146348294117e-02
-5.443477737796042354e-02
-5.975477717534090349e-02
-6.508155071296653493e-02
-6.997952488710938723e-02
-7.412414337518265228e-02
-7.734091712625712489e-02
-7.961113946892327264e-02
-8.104638366738377286e-02
-8.184077548905992205e-02
-8.221392577294868442e-02
-8.235783659319267924e-02
-8.239850041625124133e-02
-8.237836170045971518e-02
-8.226063954334088268e-02
-8.195195383264007594e-02
-8.133658316908665142e-02
-8.031428574270606247e-02
-7.883375356501429176e-02
-7.691508905531130313e-02
-7.465692513716695733e-02
-7.222682436745446466e-02
-6.983716201460964113e-02
-6.771218945570686709e-02
-6.605428890200251701e-02
-6.501740590496930816e-02
-6.469279551564303954e-02
-6.510734125055103738e-02
-6.622984713613550012e-02
-6.797826797005808441e-02
-7.022226484330515439e-02
-7.278022626201723078e-02
-7.541556343011469876e-02
-7.784057601418777061e-02
-7.973540982655032139e-02
-8.078467664480393218e-02
-8.072735795746481535e-02
-7.940972560031772653e-02
-7.682854855107297543e-02
-7.315348587051816176e-02
-6.872227664374616629e-02
-6.400824338579905182e-02
-5.956496016742854338e-02
-5.595666843585964112e-02
-5.368490521057390358e-02
-5.312204596536074241e-02
-5.446132240667259095e-02
-5.769047609705674207e-02
-6.259261927072790055e-02
-6.877339473346180676e-02
-7.570895895007305476e-02
-8.280592693692390149e-02
-8.946347058313047773e-02
-9.512971921506925554e-02
-9.934856727395321996e-02
-1.017968324256286333e-01
-1.023131605884220197e-01
-1.009181862383370515e-01
-9.782149306068554928e-02
-9.340794448568484620e-02
-8.819708934438511005e-02
-8.277569415548167997e-02
-7.771299618129255682e-02
-7.347661598832136431e-02
-7.036970502853916176e-02
-6.850472915324513912e-02
-6.781791625279955105e-02
-6.811549434150489246e-02
-6.913387681426587383e-02
-7.059452725207940316e-02
-7.224045184990481039e-02
-7.385176957884237448e-02
-7.524748108201059771e-02
-7.628495618938214984e-02
-7.686607792785506155e-02
-7.695119248388204714e-02
-7.657339485464527418e-02
-7.584107628124732436e-02
-7.491898240356635597e-02
-7.398671156060245002e-02
-7.318470263062017145e-02
-7.256588292181793964e-02
-7.207199122777323275e-02
-7.154622126903222024e-02
-7.078116642399999436e-02
-6.958842409077961588e-02
-6.786876092811539030e-02
-6.566197595383344021e-02
-6.316257541379065310e-02
-6.069762138037066573e-02
-5.867270934984446240e-02
-5.749844519741920817e-02
-5.751254200776752257e-02
-5.891258777797189761e-02
-6.171254612275062224e-02
-6.573229286316696618e-02
-7.062359445528242075e-02
-7.592802188668214269e-02
-8.115387538328894257e-02
-8.585311663982961305e-02
-8.967855278188846535e-02
-9.240749224707356380e-02
-9.392941520128647581e-02
-9.420786174941292446e-02
-9.323570297046498978e-02
-9.100444108735164517e-02
-8.750146218828180888e-02
-8.273696324447368800e-02
-7.678956353551470715e-02
-6.985142516431909476e-02
-6.225306400142485708e-02
-5.445484642080979792e-02
-4.700353301076660301e-02
-4.046377551405663103e-02
-3.534210933586123815e-02
-3.202235211931877407e-02
-3.072646612067513744e-02
-3.150609940608498777e-02
-3.426064372446478712e-02
-3.877108463926610266e-02
-4.473718773993110021e-02
-5.180867136815050372e-02
-5.960709863345115683e-02
-6.774142183054331079e-02
-7.582379219377319290e-02
-8.349200533792600076e-02
-9.044104971651109603e-02
-9.646035500115843209e-02
-1.014679438184284965e-01
-1.055301360959367135e-01
-1.088572359857449268e-01
-1.117717598818034896e-01
-1.146544923617410089e-01
-1.178817960541818505e-01
-1.217716045682097903e-01
-1.265531001399780031e-01
-1.323665797922335963e-01
-1.392887469173434700e-01
-1.473695832672988759e-01
-1.566642615315835818e-01
-1.672484428141694235e-01
-1.792151803156247503e-01
-1.926614345448758592e-01
-2.076769837713092204e-01
-2.243461171616438488e-01
-2.427645347110888585e-01
-2.630647130022484848e-01
-2.854373464098676205e-01
-3.101369942962038384e-01
-3.374661728133913630e-01
-3.677405228012130545e-01
-4.012440942943243383e-01
-4.381849930161815787e-01
-4.786568379689197239e-01
-5.226026038017359543e-01
-5.697683857907763771e-01
-6.196299649810634858e-01
-6.712783201523844223e-01
-7.232625963766754484e-01
-7.734084364534102862e-01
-8.186507811803354073e-01
-8.549359567890412182e-01
-8.772507869684568194e-01
-8.798217983394779340e-01
-8.564953362855454166e-01
-8.012655874012365453e-01
-7.088735496690259374e-01
-5.753700236219159159e-01
-3.985320204348395401e-01
-1.780500648087115778e-01
8.454119992153454055e-02
3.861503054163699655e-01
7.225390731364196295e-01
1.088734382337698925e+00
1.479334872624380459e+00
1.888656400270508628e+00
2.310728214522743240e+00
2.739211911761180396e+00
3.167344657094953053e+00
3.587996591894210940e+00
3.993885722079987044e+00
4.377931224576721014e+00
4.733672269307660940e+00
5.055653304857636421e+00
5.339685280011122970e+00
5.582928894130403386e+00
5.783794918241854432e+00
5.941700444996886432e+00
6.056746395528638693e+00
6.129387232832684163e+00
6.160152927587998484e+00
6.149463960491200254e+00
6.097559926107187778e+00
6.004544829222044022e+00
5.870537271287626702e+00
5.695899517191943318e+00
5.481505169085974849e+00
5.228993125498552885e+00
4.940950690398601353e+00
4.620976538521071930e+00
4.273597251967226285e+00
3.904046323293608012e+00
3.517952936757569038e+00
3.121016920507695414e+00
2.718754215159990828e+00
2.316377915225957373e+00
1.918836360961491128e+00
1.530974189218202275e+00
1.157733015487622419e+00
8.042837805620204339e-01
4.759941465130601568e-01
1.781811957102018007e-01
-8.433125916575358316e-02
-3.077625449748414566e-01
-4.898988963336123326e-01
-6.304528892077079227e-01
-7.311580896034506338e-01
-7.955667427658127400e-01
-8.285945597165181864e-01
-8.359164670381712403e-01
-8.233432117886499979e-01
-7.962963105312609313e-01
-7.594565447866987729e-01
-7.166062683978005055e-01
-6.706369101177180880e-01
-6.236636108481600216e-01
-5.771832306242052901e-01
-5.322255132259045007e-01
-4.894702974957724773e-01
-4.493261465373979968e-01
-4.119807735673166049e-01
-3.774390793769537011e-01
-3.455622824636035983e-01
-3.161151282313106048e-01
-2.888209501493139708e-01
-2.634186803034516688e-01
-2.397128173669603457e-01
-2.176071391334241656e-01
-1.971154505659364342e-01
-1.783473287743636837e-01
-1.614725511872689978e-01
-1.466730474346567836e-01
-1.340940753112035422e-01
-1.238057442343574038e-01
-1.157820383924789975e-01
-1.098985116834130804e-01
-1.059441084502181774e-01
-1.036393381964501176e-01
-1.026535014753053587e-01
-1.026174253658109353e-01
-1.031333403303737600e-01
-1.037875603438371402e-01
-1.041724136018759295e-01
-1.039207215648494942e-01
-1.027501212104880851e-01
-1.005081259567371238e-01
-9.720486668097211291e-02
-9.302099925610249342e-02
-8.828369415036169121e-02
-8.341241475541678885e-02
-7.884541166520850353e-02
-7.496421940006130213e-02
-7.203451958032468239e-02
-7.017693477622895248e-02
-6.937217589386171501e-02
-6.949464618815459627e-02
-7.036072810186787263e-02
-7.177522913082864942e-02
-7.356254505790138509e-02
-7.557650969907095395e-02
-7.769160721789683532e-02
-7.978493126958721704e-02
-8.172070755034147038e-02
-8.334685914678646723e-02
-8.450728972075048639e-02
-8.506674397576370616e-02
-8.493990607060585007e-02
-8.411465608344292910e-02
-8.266154311850303082e-02
-8.072644545606638689e-02
-7.850892900880902803e-02
-7.623274294048155986e-02
-7.411587715987251468e-02
-7.234581531260940446e-02
-7.106250210867655348e-02
-7.034893114097919009e-02
-7.022825319490962059e-02
-7.066670838271318922e-02
-7.158231355026918596e-02
-7.285889795439880190e-02
-7.436352513616625859e-02
-7.596349336254869244e-02
-7.753842989272304032e-02
-7.898442093029744981e-02
-8.021033817996860160e-02
-8.113007401860224121e-02
-8.165649487717155375e-02
-8.170244868805477678e-02
-8.119122946055934431e-02
-8.007473055196079326e-02
-7.835380842009012636e-02
-7.609357822876637589e-02
-7.342716233308618778e-02
-7.054458595623938622e-02
-6.766804359671789448e-02
-6.501914902947500408e-02
-6.278649483058515446e-02
-6.110181446147944229e-02
-6.003011449553439377e-02
-5.957430790451178487e-02
-5.969000331875838616e-02
-6.030324380212562230e-02
-6.132443359692698465e-02
-6.265524077074019482e-02
-6.419015226472342406e-02
-6.581801116287640252e-02
-6.742919339357074382e-02
-6.893065144678887923e-02
-7.026547185518641769e-02
-7.142878758226230140e-02
-7.247061245090305470e-02
-7.347953957447814211e-02
-7.454812031007211626e-02
-7.572826049354632050e-02
-7.698998555508708430e-02
-7.819743236876942893e-02
-7.911179227422845961e-02
-7.942365667331324763e-02
-7.880908256931601352e-02
-7.699690856344873491e-02
-7.383109981870319971e-02
-6.931223484039253369e-02
-6.360696223963391294e-02
-5.702257810539360788e-02
-4.995369629525633903e-02
-4.281613721233860220e-02
-3.598649390885461097e-02
-2.976273259817362529e-02
-2.435265865626923612e-02
-1.988660667163761470e-02
-1.644270714584971857e-02
-1.407074446328066171e-02
-1.280438331022773490e-02
-1.265898985248663754e-02
-1.361956226583772162e-02
-1.562718177024408767e-02
-1.857180423831104529e-02
-2.229538275427265029e-02
-2.660477132923298738e-02
-3.129082832635169537e-02
-3.614938995797165738e-02
-4.100057807980573427e-02
-4.570388017604757463e-02
-5.016677408702054780e-02
-5.434469145617468883e-02
-5.823091909166283608e-02
-6.183743582506374958e-02
-6.517124936750853803e-02
-6.821379609634521668e-02
-7.091130632132962297e-02
-7.318070033840258504e-02
-7.492955765919373512e-02
-7.608273676488480630e-02
-7.660539536908467229e-02
-7.651410429931777835e-02
-7.587357800465181767e-02
-7.478320961265469413e-02
-7.336152188346192760e-02
-7.173575342726330739e-02
-7.003875122710366552e-02
-6.840920709280230716e-02
-6.698780721616107159e-02
-6.590332228243392376e-02
-6.524848357735965609e-02
-6.505255280675979745e-02
-6.526188010004350948e-02
-6.573891362272023253e-02
-6.628425808636319305e-02
-6.667815945208922790e-02
-6.673083358298839696e-02
-6.632802047079709717e-02
-6.545965392195347843e-02
-6.422435840537049634e-02
-6.280862190084410268e-02
-6.144527459582994899e-02
-6.036039606629806792e-02
-5.972049077265033368e-02
-5.959222042103076711e-02
-5.992464665385714012e-02
-6.055879520112585762e-02
-6.126244076268838601e-02
-6.178142007245442796e-02
-6.189483528812837754e-02
-6.146157670550816271e-02
-6.044929146832054428e-02
-5.894232949295043211e-02
-5.712995769188089490e-02
-5.527878943369251424e-02
-5.369403699101155808e-02
-5.267415792163301913e-02
-5.246407709587723456e-02
-5.321370739884378337e-02
-5.494986238330398787e-02
-5.756906384736913684e-02
-6.085500086095162187e-02
-6.451794065161728375e-02
-6.824643648614822644e-02
-7.175724821315326851e-02
-7.482979441651133046e-02
-7.731700136309241356e-02
-7.913309936119576615e-02
-8.022725887031284531e-02
-8.055656506229955105e-02
-8.007092274482791039e-02
-7.871664206394780872e-02
-7.645725982719595026e-02
-7.330296445557382690e-02
-6.933649855074301704e-02
-6.472459793773931158e-02
-5.970900322277240824e-02
-5.457771697308212017e-02
-4.962311623422582113e-02
-4.509706732595425427e-02
-4.117370115733046815e-02
-3.792833284019701823e-02
-3.533705209288794113e-02
-3.329682315115133073e-02
-3.166147237863047720e-02
-3.028550046842234944e-02
-2.906585401595521839e-02
-2.797203312079046128e-02
-2.705728708349235817e-02
-2.644783120992246286e-02
-2.631222647408298920e-02
-2.681815440859011690e-02
-2.808748247722356664e-02
-3.016158957000016766e-02
-3.298676908041968392e-02
-3.642436488968942010e-02
-4.028332900208159845e-02
-4.436610782869703645e-02
-4.851437263247988102e-02
